1 -0.0453794 -0.0639505 0.0245649 0.0290258 -0.0226232 -0.0153662 0.0221082 0.00687824 -0.021944 
1 0.31731 0.0455002 0.0027005 6.34771e-05 -4.2599e-08 -1.05593e-07 5.58909e-07 5.69685e-08 -5.33038e-07 
1 0.4795 0.157299 0.0338949 0.00467773 0.000406952 2.20905e-05 7.43108e-07 1.54176e-08 1.87436e-10 
1 0.563703 0.248213 0.0832645 0.0209213 0.00389242 0.000532006 5.31213e-05 3.85961e-06 2.03241e-07 
1 0.617075 0.317311 0.133614 0.0455003 0.0124193 0.0026998 0.000465258 6.33405e-05 6.75737e-06 
1 0.654721 0.371093 0.179712 0.0736383 0.0253473 0.00729036 0.00174511 0.000346539 5.61258e-05 
1 0.683091 0.414216 0.220671 0.10247 0.0412268 0.0143059 0.00426661 0.00108987 0.000231466 
1 0.705457 0.449692 0.256839 0.13057 0.0587817 0.0233421 0.00815008 0.00249116 0.00063757 
1 0.723674 0.4795 0.288844 0.157299 0.0770998 0.0338941 0.013324 0.00465564 0.00136209 
1 0.738883 0.504985 0.31731 0.182422 0.0955801 0.0454972 0.019616 0.00759742 0.00245406 
1 0.75183 0.527089 0.342782 0.205903 0.113844 0.05777 0.0268173 0.0112642 0.00392231 
1 0.763025 0.546494 0.365712 0.227799 0.131662 0.0704161 0.0347198 0.0155646 0.00574449 
1 0.77283 0.563703 0.386475 0.248209 0.1489 0.0832114 0.0431333 0.0203893 0.0078786 
1 0.781511 0.579099 0.405378 0.267248 0.165486 0.0959891 0.0518921 0.0256262 0.010273 
1 0.789268 0.592979 0.422673 0.28503 0.181388 0.108627 0.0608568 0.0311688 0.0128735 
1 0.796253 0.605573 0.438567 0.301663 0.196598 0.121035 0.069912 0.0369213 0.0156281 
1 0.802585 0.617068 0.453233 0.317247 0.211123 0.133149 0.0789643 0.0428005 0.0184894 
1 0.808361 0.627613 0.466817 0.331871 0.224978 0.144925 0.0879389 0.0487357 0.0214161 
1 0.813657 0.63733 0.479439 0.345616 0.238186 0.156332 0.0967771 0.0546687 0.024373 
1 0.818534 0.646319 0.491201 0.358553 0.25077 0.16735 0.105434 0.060552 0.0273306 
1 0.823044 0.654665 0.502191 0.370747 0.262756 0.177967 0.113874 0.0663479 0.030265 
1 0.82723 0.662436 0.512484 0.382253 0.27417 0.18818 0.122074 0.0720268 0.0331573 
1 0.831127 0.669694 0.522143 0.393122 0.285038 0.197988 0.130015 0.0775663 0.0359924 
1 0.834765 0.676487 0.531223 0.4034 0.295385 0.207394 0.137685 0.0829495 0.0387587 
1 0.838169 0.68286 0.539774 0.413126 0.305235 0.216405 0.145078 0.0881646 0.0414479 
1 0.841363 0.688849 0.547837 0.422338 0.314611 0.225029 0.152191 0.0932035 0.0440537 
1 0.844363 0.694487 0.555449 0.431068 0.323537 0.233277 0.159023 0.0980616 0.0465721 
1 0.847187 0.699802 0.562643 0.439347 0.332033 0.24116 0.165577 0.102736 0.0490005 
1 0.849849 0.704819 0.569449 0.447201 0.34012 0.248689 0.171858 0.107228 0.0513377 
1 0.852362 0.70956 0.575893 0.454655 0.347818 0.255877 0.17787 0.111537 0.0535836 
1 0.854736 0.714045 0.581998 0.461734 0.355146 0.262737 0.183621 0.115668 0.0557386 
1 0.856981 0.71829 0.587787 0.468457 0.36212 0.26928 0.189119 0.119622 0.0578042 
1 0.859106 0.722312 0.593277 0.474844 0.368759 0.27552 0.19437 0.123405 0.0597821 
1 0.86112 0.726124 0.598487 0.480915 0.375078 0.28147 0.199385 0.127022 0.0616744 
1 0.863028 0.72974 0.603434 0.486685 0.381093 0.287141 0.204171 0.130477 0.0634834 
1 0.864838 0.733171 0.608132 0.492171 0.386819 0.292545 0.208737 0.133776 0.0652119 
1 0.866556 0.736429 0.612595 0.497388 0.392268 0.297695 0.213091 0.136925 0.0668625 
1 0.868186 0.739522 0.616836 0.502349 0.397456 0.3026 0.217244 0.13993 0.068438 
1 0.869734 0.742461 0.620867 0.507067 0.402393 0.307274 0.221202 0.142795 0.0699412 
1 0.871205 0.745253 0.624699 0.511555 0.407093 0.311725 0.224974 0.145528 0.071375 
1 0.872603 0.747907 0.628343 0.515825 0.411566 0.315964 0.228568 0.148133 0.0727422 
1 0.873931 0.75043 0.631808 0.519887 0.415825 0.320002 0.231993 0.150615 0.0740455 
1 0.875194 0.752829 0.635104 0.523752 0.419878 0.323846 0.235256 0.152981 0.0752878 
1 0.876394 0.75511 0.638238 0.52743 0.423735 0.327507 0.238363 0.155235 0.0764715 
1 0.877536 0.75728 0.64122 0.530929 0.427408 0.330992 0.241323 0.157382 0.0775994 
1 0.878622 0.759344 0.644057 0.534259 0.430903 0.334311 0.244141 0.159428 0.0786738 
1 0.879655 0.761307 0.646756 0.537428 0.43423 0.33747 0.246825 0.161376 0.0796973 
1 0.880637 0.763174 0.649325 0.540443 0.437397 0.340478 0.249381 0.163231 0.0806721 
1 0.881572 0.764951 0.651768 0.543313 0.440411 0.343342 0.251815 0.164998 0.0816004 
1 0.882461 0.766642 0.654094 0.546045 0.44328 0.346068 0.254132 0.16668 0.0824845 
1 0.883307 0.768251 0.656307 0.548644 0.446011 0.348664 0.256338 0.168282 0.0833263 
1 0.884112 0.769781 0.658413 0.551118 0.448611 0.351134 0.258438 0.169807 0.0841279 
1 0.884878 0.771238 0.660417 0.553473 0.451085 0.353486 0.260438 0.171259 0.0848911 
1 0.885607 0.772624 0.662324 0.555714 0.453441 0.355725 0.262341 0.172642 0.0856177 
1 0.886301 0.773944 0.664139 0.557847 0.455683 0.357856 0.264154 0.173958 0.0863095 
1 0.886961 0.775199 0.665867 0.559877 0.457816 0.359885 0.265879 0.175211 0.0869682 
1 0.887589 0.776394 0.667511 0.56181 0.459848 0.361816 0.267521 0.176404 0.0875952 
1 0.888187 0.777531 0.669076 0.563649 0.461781 0.363654 0.269084 0.177539 0.0881921 
1 0.888756 0.778614 0.670566 0.5654 0.463621 0.365404 0.270572 0.17862 0.0887603 
1 0.889298 0.779644 0.671983 0.567066 0.465373 0.367069 0.271989 0.179649 0.0893012 
1 0.889813 0.780624 0.673333 0.568652 0.46704 0.368655 0.273337 0.180629 0.0898162 
1 0.890304 0.781558 0.674617 0.570162 0.468627 0.370164 0.274621 0.181561 0.0903064 
1 0.890771 0.782446 0.675839 0.571598 0.470138 0.3716 0.275842 0.182449 0.090773 
1 0.891216 0.783291 0.677003 0.572966 0.471576 0.372968 0.277005 0.183294 0.0912171 
1 0.891639 0.784096 0.67811 0.574268 0.472944 0.374269 0.278112 0.184098 0.0916399 
1 0.892041 0.784862 0.679165 0.575507 0.474247 0.375508 0.279166 0.184864 0.0920424 
1 0.892425 0.785591 0.680168 0.576686 0.475487 0.376687 0.280169 0.185592 0.0924255 
1 0.892789 0.786285 0.681123 0.577809 0.476667 0.37781 0.281124 0.186286 0.0927901 
1 0.893137 0.786945 0.682032 0.578878 0.477791 0.378878 0.282033 0.186946 0.0931373 
1 0.893467 0.787574 0.682897 0.579895 0.47886 0.379895 0.282898 0.187575 0.0934677 
1 0.893782 0.788172 0.683721 0.580863 0.479878 0.380863 0.283721 0.188173 0.0937822 
1 0.894081 0.788742 0.684505 0.581784 0.480847 0.381785 0.284505 0.188742 0.0940815 
1 0.894366 0.789284 0.685251 0.582661 0.481769 0.382662 0.285251 0.189284 0.0943665 
1 0.894638 0.7898 0.685961 0.583496 0.482647 0.383496 0.285961 0.1898 0.0946377 
1 0.894896 0.790291 0.686637 0.584291 0.483483 0.384291 0.286637 0.190291 0.0948959 
1 0.895142 0.790759 0.68728 0.585047 0.484278 0.385047 0.287281 0.190759 0.0951417 
1 0.895375 0.791204 0.687893 0.585767 0.485035 0.385767 0.287893 0.191204 0.0953756 
1 0.895598 0.791627 0.688476 0.586453 0.485755 0.386453 0.288476 0.191627 0.0955982 
1 0.89581 0.79203 0.689031 0.587105 0.486441 0.387105 0.289031 0.19203 0.0958102 
1 0.896012 0.792414 0.689559 0.587726 0.487094 0.387726 0.289559 0.192414 0.0960119 
1 0.896204 0.792779 0.690062 0.588317 0.487716 0.388317 0.290062 0.192779 0.0962039 
1 0.896387 0.793127 0.69054 0.588879 0.488307 0.388879 0.29054 0.193127 0.0963867 
1 0.896561 0.793458 0.690996 0.589415 0.48887 0.389415 0.290996 0.193458 0.0965607 
1 0.896726 0.793773 0.691429 0.589925 0.489406 0.389925 0.291429 0.193773 0.0967263 
1 0.896884 0.794073 0.691842 0.59041 0.489916 0.39041 0.291842 0.194073 0.0968839 
1 0.897034 0.794358 0.692235 0.590871 0.490402 0.390871 0.292235 0.194358 0.097034 
1 0.897177 0.79463 0.692609 0.591311 0.490864 0.391311 0.292609 0.19463 0.0971768 
1 0.897313 0.794888 0.692965 0.591729 0.491304 0.391729 0.292965 0.194888 0.0973127 
1 0.897442 0.795135 0.693303 0.592128 0.491722 0.392128 0.293303 0.195135 0.0974421 
1 0.897565 0.795369 0.693626 0.592507 0.492121 0.392507 0.293626 0.195369 0.0975653 
1 0.897682 0.795592 0.693933 0.592867 0.4925 0.392867 0.293933 0.195592 0.0976825 
1 0.897794 0.795804 0.694225 0.593211 0.492862 0.393211 0.294225 0.195804 0.0977941 
1 0.8979 0.796006 0.694503 0.593538 0.493205 0.393538 0.294503 0.196006 0.0979003 
1 0.898001 0.796198 0.694768 0.593849 0.493532 0.393849 0.294768 0.196198 0.0980014 
1 0.898098 0.796381 0.69502 0.594145 0.493844 0.394145 0.29502 0.196381 0.0980976 
1 0.898189 0.796556 0.695259 0.594427 0.49414 0.394427 0.295259 0.196556 0.0981892 
1 0.898276 0.796722 0.695488 0.594695 0.494422 0.394695 0.295488 0.196722 0.0982764 
1 0.898359 0.796879 0.695705 0.594951 0.494691 0.394951 0.295705 0.196879 0.0983594 
1 0.898438 0.79703 0.695912 0.595194 0.494947 0.395194 0.295912 0.19703 0.0984384 
1 0.898514 0.797173 0.696109 0.595425 0.49519 0.395425 0.296109 0.197173 0.0985136 
1 0.898585 0.797309 0.696296 0.595646 0.495422 0.395646 0.296296 0.197309 0.0985852 
1 0.898653 0.797438 0.696474 0.595855 0.495642 0.395855 0.296474 0.197438 0.0986533 
1 0.898718 0.797562 0.696644 0.596055 0.495852 0.396055 0.296644 0.197562 0.0987181 
1 0.89878 0.797679 0.696806 0.596245 0.496052 0.396245 0.296806 0.197679 0.0987799 
1 0.898839 0.797791 0.696959 0.596426 0.496242 0.396426 0.296959 0.197791 0.0988386 
1 0.898895 0.797897 0.697106 0.596598 0.496423 0.396598 0.297106 0.197897 0.0988945 
1 0.898948 0.797999 0.697245 0.596762 0.496595 0.396762 0.297245 0.197999 0.0989478 
1 0.898998 0.798095 0.697378 0.596917 0.496759 0.396917 0.297378 0.198095 0.0989984 
1 0.899047 0.798187 0.697504 0.597066 0.496915 0.397066 0.297504 0.198187 0.0990466 
1 0.899093 0.798274 0.697624 0.597207 0.497063 0.397207 0.297624 0.198274 0.0990926 
1 0.899136 0.798357 0.697739 0.597342 0.497205 0.397342 0.297739 0.198357 0.0991362 
1 0.899178 0.798436 0.697848 0.59747 0.497339 0.39747 0.297848 0.198436 0.0991778 
1 0.899217 0.798511 0.697951 0.597591 0.497468 0.397591 0.297951 0.198511 0.0992174 
1 0.899255 0.798583 0.69805 0.597707 0.497589 0.397707 0.29805 0.198583 0.0992551 
1 0.899291 0.798651 0.698144 0.597818 0.497706 0.397818 0.298144 0.198651 0.099291 
1 0.899325 0.798716 0.698233 0.597923 0.497816 0.397923 0.298233 0.198716 0.0993251 
1 0.899358 0.798778 0.698318 0.598023 0.497921 0.398023 0.298318 0.198778 0.0993576 
1 0.899389 0.798837 0.698399 0.598118 0.498021 0.398118 0.298399 0.198837 0.0993885 
1 0.899418 0.798893 0.698476 0.598209 0.498117 0.398209 0.298476 0.198893 0.099418 
1 0.899446 0.798946 0.69855 0.598295 0.498207 0.398295 0.29855 0.198946 0.099446 
1 0.899473 0.798997 0.698619 0.598377 0.498294 0.398377 0.298619 0.198997 0.0994727 
1 0.899498 0.799045 0.698686 0.598455 0.498376 0.398455 0.298686 0.199045 0.0994981 
1 0.899522 0.799091 0.698749 0.59853 0.498454 0.39853 0.298749 0.199091 0.0995222 
1 0.899545 0.799135 0.698809 0.5986 0.498528 0.3986 0.298809 0.199135 0.0995452 
1 0.899567 0.799177 0.698867 0.598668 0.498599 0.398668 0.298867 0.199177 0.0995671 
1 0.899588 0.799216 0.698921 0.598732 0.498667 0.398732 0.298921 0.199216 0.099588 
1 0.899608 0.799254 0.698973 0.598793 0.498731 0.398793 0.298973 0.199254 0.0996078 
1 0.899627 0.79929 0.699023 0.598851 0.498792 0.398851 0.299023 0.19929 0.0996267 
1 0.899645 0.799324 0.69907 0.598906 0.49885 0.398906 0.29907 0.199324 0.0996447 
1 0.899662 0.799357 0.699115 0.598959 0.498906 0.398959 0.299115 0.199357 0.0996618 
1 0.899678 0.799388 0.699157 0.599009 0.498958 0.399009 0.299157 0.199388 0.0996781 
1 0.899694 0.799417 0.699198 0.599057 0.499008 0.399057 0.299198 0.199417 0.0996936 
1 0.899708 0.799445 0.699236 0.599102 0.499056 0.399102 0.299236 0.199445 0.0997083 
1 0.899722 0.799472 0.699273 0.599146 0.499102 0.399146 0.299273 0.199472 0.0997224 
1 0.899736 0.799497 0.699308 0.599187 0.499145 0.399187 0.299308 0.199497 0.0997357 
1 0.899748 0.799522 0.699341 0.599226 0.499186 0.399226 0.299341 0.199522 0.0997485 
1 0.899761 0.799545 0.699373 0.599263 0.499225 0.399263 0.299373 0.199545 0.0997606 
1 0.899772 0.799567 0.699403 0.599299 0.499263 0.399299 0.299403 0.199567 0.0997721 
1 0.899783 0.799587 0.699432 0.599332 0.499298 0.399332 0.299432 0.199587 0.0997831 
1 0.899794 0.799607 0.699459 0.599365 0.499332 0.399365 0.299459 0.199607 0.0997935 
1 0.899803 0.799626 0.699485 0.599395 0.499364 0.399395 0.299485 0.199626 0.0998035 
1 0.899813 0.799644 0.69951 0.599424 0.499395 0.399424 0.29951 0.199644 0.0998129 
1 0.899822 0.799661 0.699534 0.599452 0.499424 0.399452 0.299534 0.199661 0.0998219 
1 0.899831 0.799678 0.699556 0.599478 0.499452 0.399478 0.299556 0.199678 0.0998305 
1 0.899839 0.799693 0.699578 0.599503 0.499478 0.399503 0.299578 0.199693 0.0998387 
1 0.899846 0.799708 0.699598 0.599527 0.499503 0.399527 0.299598 0.199708 0.0998464 
1 0.899854 0.799722 0.699617 0.59955 0.499527 0.39955 0.299617 0.199722 0.0998538 
1 0.899861 0.799735 0.699636 0.599572 0.49955 0.399572 0.299636 0.199735 0.0998609 
1 0.899868 0.799748 0.699653 0.599592 0.499571 0.399592 0.299653 0.199748 0.0998676 
1 0.899874 0.79976 0.69967 0.599612 0.499592 0.399612 0.29967 0.19976 0.0998739 
1 0.89988 0.799772 0.699686 0.599631 0.499612 0.399631 0.299686 0.199772 0.09988 
1 0.899886 0.799783 0.699701 0.599649 0.49963 0.399649 0.299701 0.199783 0.0998858 
1 0.899891 0.799793 0.699715 0.599665 0.499648 0.399665 0.299715 0.199793 0.0998913 
1 0.899897 0.799803 0.699729 0.599682 0.499665 0.399682 0.299729 0.199803 0.0998965 
1 0.899902 0.799813 0.699742 0.599697 0.499681 0.399697 0.299742 0.199813 0.0999015 
1 0.899906 0.799822 0.699755 0.599711 0.499697 0.399711 0.299755 0.199822 0.0999063 
1 0.899911 0.79983 0.699766 0.599725 0.499711 0.399725 0.299766 0.19983 0.0999108 
1 0.899915 0.799838 0.699778 0.599739 0.499725 0.399739 0.299778 0.199838 0.0999151 
1 0.899919 0.799846 0.699788 0.599751 0.499738 0.399751 0.299788 0.199846 0.0999192 
1 0.899923 0.799854 0.699799 0.599763 0.499751 0.399763 0.299799 0.199854 0.099923 
1 0.899927 0.799861 0.699808 0.599775 0.499763 0.399775 0.299808 0.199861 0.0999267 
1 0.89993 0.799867 0.699817 0.599785 0.499774 0.399785 0.299817 0.199867 0.0999303 
1 0.899934 0.799874 0.699826 0.599796 0.499785 0.399796 0.299826 0.199874 0.0999336 
1 0.899937 0.79988 0.699835 0.599806 0.499796 0.399806 0.299835 0.19988 0.0999368 
1 0.89994 0.799886 0.699843 0.599815 0.499805 0.399815 0.299843 0.199886 0.0999399 
1 0.899943 0.799891 0.69985 0.599824 0.499815 0.399824 0.29985 0.199891 0.0999428 
1 0.899946 0.799896 0.699857 0.599832 0.499824 0.399832 0.299857 0.199896 0.0999455 
1 0.899948 0.799901 0.699864 0.59984 0.499832 0.39984 0.299864 0.199901 0.0999481 
1 0.899951 0.799906 0.699871 0.599848 0.49984 0.399848 0.299871 0.199906 0.0999506 
1 0.899953 0.799911 0.699877 0.599855 0.499848 0.399855 0.299877 0.199911 0.099953 
1 0.899955 0.799915 0.699883 0.599862 0.499855 0.399862 0.299883 0.199915 0.0999553 
1 0.899957 0.799919 0.699889 0.599869 0.499862 0.399869 0.299889 0.199919 0.0999574 
1 0.899959 0.799923 0.699894 0.599875 0.499869 0.399875 0.299894 0.199923 0.0999595 
1 0.899961 0.799927 0.699899 0.599881 0.499875 0.399881 0.299899 0.199927 0.0999614 
1 0.899963 0.79993 0.699904 0.599887 0.499881 0.399887 0.299904 0.19993 0.0999633 
1 0.899965 0.799934 0.699909 0.599892 0.499887 0.399892 0.299909 0.199934 0.0999651 
1 0.899967 0.799937 0.699913 0.599898 0.499892 0.399898 0.299913 0.199937 0.0999667 
1 0.899968 0.79994 0.699917 0.599903 0.499898 0.399903 0.299917 0.19994 0.0999683 
1 0.89997 0.799943 0.699921 0.599907 0.499902 0.399907 0.299921 0.199943 0.0999699 
1 0.899971 0.799945 0.699925 0.599912 0.499907 0.399912 0.299925 0.199945 0.0999713 
1 0.899973 0.799948 0.699929 0.599916 0.499912 0.399916 0.299929 0.199948 0.0999727 
1 0.899974 0.799951 0.699932 0.59992 0.499916 0.39992 0.299932 0.199951 0.099974 
1 0.899975 0.799953 0.699935 0.599924 0.49992 0.399924 0.299935 0.199953 0.0999753 
1 0.899976 0.799955 0.699938 0.599928 0.499924 0.399928 0.299938 0.199955 0.0999765 
1 0.899978 0.799957 0.699941 0.599931 0.499927 0.399931 0.299941 0.199957 0.0999776 
1 0.899979 0.799959 0.699944 0.599934 0.499931 0.399934 0.299944 0.199959 0.0999787 
1 0.89998 0.799961 0.699947 0.599938 0.499934 0.399938 0.299947 0.199961 0.0999797 
1 0.899981 0.799963 0.699949 0.599941 0.499937 0.399941 0.299949 0.199963 0.0999807 
1 0.899982 0.799965 0.699952 0.599943 0.49994 0.399943 0.299952 0.199965 0.0999816 
1 0.899982 0.799967 0.699954 0.599946 0.499943 0.399946 0.299954 0.199967 0.0999825 
1 0.899983 0.799968 0.699956 0.599949 0.499946 0.399949 0.299956 0.199968 0.0999833 
1 0.899984 0.79997 0.699958 0.599951 0.499949 0.399951 0.299958 0.19997 0.0999841 
1 0.899985 0.799971 0.69996 0.599954 0.499951 0.399954 0.29996 0.199971 0.0999849 
1 0.899986 0.799973 0.699962 0.599956 0.499953 0.399956 0.299962 0.199973 0.0999856 
1 0.899986 0.799974 0.699964 0.599958 0.499956 0.399958 0.299964 0.199974 0.0999863 
1 0.899987 0.799975 0.699966 0.59996 0.499958 0.39996 0.299966 0.199975 0.099987 
1 0.899988 0.799976 0.699968 0.599962 0.49996 0.399962 0.299968 0.199976 0.0999876 
1 0.899988 0.799978 0.699969 0.599964 0.499962 0.399964 0.299969 0.199978 0.0999882 
1 0.899989 0.799979 0.699971 0.599965 0.499964 0.399965 0.299971 0.199979 0.0999888 
1 0.899989 0.79998 0.699972 0.599967 0.499965 0.399967 0.299972 0.19998 0.0999893 
1 0.89999 0.799981 0.699973 0.599969 0.499967 0.399969 0.299973 0.199981 0.0999898 
