1 -2.77556e-17 -5.55112e-17 0 0 0 0 0 0 0.1 
0.830643 0.222571 0.0596428 0.0159996 0.0043558 0.00142354 0.00133836 0.00392992 0.0143813 0.0535953 
0.774318 0.335985 0.124481 0.0426542 0.0141362 0.00517889 0.00373231 0.00707363 0.0167024 0.0309733 
0.763219 0.404239 0.181767 0.0738679 0.0283957 0.0114427 0.00701714 0.00916127 0.0154807 0.0193568 
0.769642 0.452131 0.230405 0.105953 0.0456705 0.0199378 0.0111954 0.0108094 0.0137198 0.0131084 
0.782219 0.48959 0.271878 0.137112 0.0646657 0.0302093 0.016296 0.0125839 0.0124207 0.00965935 
0.796315 0.520823 0.307798 0.166614 0.0844336 0.0417891 0.022304 0.014835 0.0118683 0.00779675 
0.810105 0.54779 0.339408 0.194245 0.104345 0.0542688 0.0291516 0.0177297 0.0120973 0.00692269 
0.822934 0.571526 0.367591 0.220023 0.124008 0.06732 0.036734 0.021313 0.0130583 0.00672593 
0.834633 0.592665 0.392975 0.244052 0.14319 0.0806896 0.0449289 0.0255579 0.0146767 0.00703213 
0.845228 0.611643 0.416016 0.26647 0.161759 0.0941874 0.0536112 0.0303997 0.0168718 0.00773401 
0.854811 0.628789 0.437058 0.287412 0.179651 0.107672 0.0626628 0.0357567 0.0195646 0.00875815 
0.863496 0.644361 0.456372 0.307008 0.196837 0.12104 0.071977 0.0415426 0.0226802 0.0100491 
0.871391 0.658572 0.474173 0.325376 0.213316 0.134214 0.0814604 0.0476737 0.026149 0.0115618 
0.878594 0.671594 0.490641 0.342623 0.229099 0.14714 0.0910332 0.0540718 0.0299069 0.0132576 
0.885191 0.683576 0.505926 0.358844 0.244205 0.159778 0.100628 0.0606668 0.0338958 0.0151028 
0.891256 0.694641 0.520154 0.374125 0.258659 0.172101 0.110188 0.0673965 0.0380639 0.0170674 
0.896851 0.704892 0.533436 0.388544 0.272488 0.184089 0.119668 0.0742064 0.0423648 0.0191249 
0.90203 0.71442 0.545865 0.402168 0.285719 0.195732 0.12903 0.0810501 0.0467579 0.0212519 
0.90684 0.723301 0.557523 0.415059 0.29838 0.207021 0.138242 0.0878875 0.0512078 0.0234279 
0.91132 0.7316 0.56848 0.427274 0.310497 0.217955 0.147281 0.094685 0.0556839 0.0256349 
0.915504 0.739376 0.578799 0.438861 0.322097 0.228534 0.156128 0.101414 0.0601599 0.0278574 
0.919421 0.746677 0.588535 0.449866 0.333205 0.23876 0.164767 0.108052 0.0646135 0.0300821 
0.923097 0.753547 0.597736 0.460328 0.343844 0.248638 0.173188 0.11458 0.069026 0.0322976 
0.926555 0.760023 0.606445 0.470284 0.354036 0.258174 0.181383 0.120981 0.0733818 0.0344942 
0.929812 0.76614 0.614699 0.479768 0.363804 0.267374 0.189346 0.127244 0.0776679 0.0366641 
0.932887 0.771925 0.622533 0.488809 0.373166 0.276247 0.197074 0.133359 0.0818738 0.0388005 
0.935795 0.777405 0.629976 0.497434 0.382142 0.284801 0.204567 0.139319 0.0859912 0.040898 
0.938548 0.782604 0.637056 0.505668 0.390749 0.293044 0.211824 0.145119 0.0900134 0.0429524 
0.941159 0.787541 0.643797 0.513534 0.399004 0.300985 0.218847 0.150755 0.0939355 0.0449601 
0.943639 0.792235 0.650221 0.521053 0.406924 0.308633 0.225638 0.156226 0.0977538 0.0469185 
0.945995 0.796703 0.656347 0.528244 0.414522 0.315997 0.232201 0.161529 0.101466 0.0488256 
0.948237 0.80096 0.662194 0.535124 0.421814 0.323087 0.238539 0.166667 0.10507 0.0506802 
0.950373 0.805018 0.667779 0.54171 0.428812 0.32991 0.244657 0.171639 0.108565 0.0524813 
0.952409 0.80889 0.673116 0.548016 0.435529 0.336477 0.250559 0.176447 0.111951 0.0542285 
0.954352 0.812588 0.678219 0.554058 0.441978 0.342796 0.256252 0.181094 0.11523 0.0559216 
0.956206 0.816121 0.683102 0.559847 0.44817 0.348876 0.261741 0.185582 0.118401 0.0575609 
0.957978 0.819498 0.687774 0.565396 0.454115 0.354724 0.26703 0.189915 0.121466 0.0591469 
0.959671 0.822729 0.692248 0.570716 0.459824 0.36035 0.272126 0.194096 0.124427 0.0606802 
0.961291 0.825821 0.696534 0.575818 0.465306 0.36576 0.277035 0.198128 0.127286 0.0621616 
0.96284 0.82878 0.70064 0.580712 0.470572 0.370964 0.281763 0.202016 0.130045 0.063592 
0.964324 0.831615 0.704576 0.585407 0.47563 0.375968 0.286314 0.205763 0.132706 0.0649726 
0.965745 0.834331 0.708349 0.589913 0.480488 0.38078 0.290695 0.209374 0.135273 0.0663045 
0.967106 0.836934 0.711967 0.594237 0.485155 0.385407 0.294912 0.212851 0.137746 0.0675889 
0.96841 0.839429 0.715438 0.598387 0.489638 0.389855 0.29897 0.216201 0.14013 0.068827 
0.96966 0.841821 0.718767 0.602372 0.493945 0.394133 0.302875 0.219426 0.142427 0.0700201 
0.970859 0.844116 0.721962 0.606197 0.498083 0.398245 0.306631 0.22253 0.144638 0.0711696 
0.972009 0.846317 0.725028 0.60987 0.502059 0.402198 0.310245 0.225518 0.146768 0.0722768 
0.973112 0.848429 0.72797 0.613397 0.505878 0.405999 0.313721 0.228394 0.148818 0.0733429 
0.97417 0.850456 0.730795 0.616785 0.509548 0.409652 0.317064 0.231161 0.150792 0.0743693 
0.975185 0.852401 0.733507 0.620038 0.513075 0.413165 0.320279 0.233823 0.152691 0.0753574 
0.97616 0.854268 0.736111 0.623163 0.516463 0.416541 0.32337 0.236383 0.154518 0.0763083 
0.977095 0.856061 0.738612 0.626164 0.519719 0.419786 0.326343 0.238847 0.156277 0.0772233 
0.977993 0.857782 0.741013 0.629047 0.522848 0.422905 0.329202 0.241216 0.157968 0.0781037 
0.978855 0.859435 0.74332 0.631817 0.525854 0.425904 0.331951 0.243494 0.159595 0.0789507 
0.979683 0.861022 0.745535 0.634478 0.528743 0.428786 0.334593 0.245686 0.16116 0.0797655 
0.980478 0.862546 0.747662 0.637034 0.531519 0.431556 0.337134 0.247793 0.162666 0.0805492 
0.981242 0.86401 0.749706 0.639491 0.534187 0.434219 0.339576 0.249819 0.164113 0.0813029 
0.981975 0.865416 0.75167 0.64185 0.536751 0.436778 0.341924 0.251767 0.165505 0.0820278 
0.982679 0.866767 0.753556 0.644118 0.539214 0.439238 0.344182 0.25364 0.166844 0.0827248 
0.983356 0.868064 0.755368 0.646296 0.541582 0.441602 0.346352 0.25544 0.168131 0.0833951 
0.984006 0.869311 0.757109 0.64839 0.543857 0.443875 0.348437 0.257172 0.169368 0.0840396 
0.98463 0.870508 0.758782 0.650401 0.546044 0.446059 0.350442 0.258836 0.170558 0.0846593 
0.98523 0.871659 0.760389 0.652334 0.548145 0.448158 0.35237 0.260436 0.171702 0.0852551 
0.985806 0.872764 0.761934 0.654192 0.550164 0.450176 0.354222 0.261974 0.172801 0.0858278 
0.98636 0.873826 0.763418 0.655976 0.552105 0.452115 0.356003 0.263452 0.173858 0.0863785 
0.986892 0.874847 0.764843 0.657692 0.55397 0.453978 0.357714 0.264873 0.174874 0.0869078 
0.987403 0.875828 0.766214 0.65934 0.555762 0.45577 0.359359 0.266239 0.175851 0.0874167 
0.987894 0.87677 0.76753 0.660924 0.557485 0.457491 0.360941 0.267552 0.17679 0.0879059 
0.988366 0.877675 0.768795 0.662446 0.55914 0.459146 0.36246 0.268814 0.177693 0.0883761 
0.988819 0.878545 0.770011 0.663908 0.560731 0.460736 0.363921 0.270028 0.17856 0.0888281 
0.989255 0.879381 0.771179 0.665314 0.56226 0.462264 0.365325 0.271194 0.179394 0.0892626 
0.989674 0.880184 0.772302 0.666665 0.56373 0.463733 0.366674 0.272314 0.180196 0.0896802 
0.990076 0.880956 0.773381 0.667963 0.565142 0.465145 0.367971 0.273392 0.180966 0.0900817 
0.990462 0.881698 0.774418 0.669211 0.566499 0.466502 0.369218 0.274427 0.181707 0.0904675 
0.990834 0.882411 0.775414 0.67041 0.567803 0.467806 0.370416 0.275422 0.182418 0.0908383 
0.991191 0.883096 0.776372 0.671562 0.569057 0.469059 0.371567 0.276378 0.183103 0.0911948 
0.991534 0.883755 0.777292 0.672669 0.570262 0.470263 0.372674 0.277298 0.18376 0.0915374 
0.991864 0.884387 0.778176 0.673734 0.571419 0.471421 0.373737 0.278181 0.184392 0.0918667 
0.992181 0.884995 0.779026 0.674756 0.572532 0.472533 0.37476 0.27903 0.184999 0.0921832 
0.992485 0.88558 0.779843 0.675739 0.573601 0.473603 0.375742 0.279846 0.185583 0.0924874 
0.992778 0.886141 0.780628 0.676684 0.574629 0.47463 0.376686 0.280631 0.186144 0.0927797 
0.993059 0.886681 0.781382 0.677592 0.575617 0.475618 0.377594 0.281385 0.186683 0.0930607 
0.993329 0.8872 0.782107 0.678464 0.576566 0.476567 0.378466 0.282109 0.187202 0.0933308 
0.993589 0.887698 0.782804 0.679303 0.577479 0.477479 0.379304 0.282806 0.1877 0.0935904 
0.993839 0.888177 0.783473 0.680108 0.578355 0.478356 0.38011 0.283475 0.188179 0.0938399 
0.994079 0.888637 0.784117 0.680883 0.579198 0.479198 0.380884 0.284118 0.188639 0.0940796 
0.994309 0.88908 0.784735 0.681627 0.580008 0.480008 0.381628 0.284736 0.189081 0.0943101 
0.994531 0.889505 0.785329 0.682342 0.580786 0.480786 0.382343 0.285331 0.189506 0.0945315 
0.994744 0.889914 0.785901 0.68303 0.581534 0.481534 0.383031 0.285902 0.189914 0.0947444 
0.994948 0.890306 0.786449 0.683691 0.582253 0.482253 0.383691 0.28645 0.190307 0.094949 
0.995145 0.890684 0.786977 0.684326 0.582944 0.482944 0.384326 0.286978 0.190684 0.0951456 
0.995334 0.891046 0.787484 0.684936 0.583608 0.483608 0.384936 0.287485 0.191047 0.0953345 
0.995516 0.891395 0.787971 0.685522 0.584246 0.484246 0.385523 0.287972 0.191396 0.0955161 
0.99569 0.89173 0.78844 0.686086 0.584859 0.48486 0.386086 0.28844 0.19173 0.0956907 
0.995858 0.892052 0.78889 0.686628 0.585449 0.485449 0.386628 0.28889 0.192052 0.0958584 
0.996019 0.892361 0.789322 0.687148 0.586015 0.486015 0.387148 0.289323 0.192362 0.0960197 
0.996174 0.892659 0.789738 0.687649 0.58656 0.48656 0.387649 0.289738 0.192659 0.0961746 
0.996323 0.892945 0.790137 0.688129 0.587083 0.487083 0.38813 0.290138 0.192945 0.0963235 
0.996467 0.893219 0.790521 0.688592 0.587586 0.487586 0.388592 0.290522 0.19322 0.0964666 
0.996604 0.893483 0.79089 0.689036 0.588069 0.488069 0.389036 0.290891 0.193483 0.0966042 
0.996736 0.893737 0.791245 0.689463 0.588534 0.488534 0.389463 0.291245 0.193737 0.0967364 
0.996863 0.893981 0.791586 0.689873 0.58898 0.48898 0.389873 0.291586 0.193981 0.0968634 
0.996985 0.894215 0.791914 0.690267 0.589409 0.489409 0.390267 0.291914 0.194215 0.0969855 
0.997103 0.89444 0.792228 0.690646 0.589821 0.489821 0.390646 0.292228 0.19444 0.0971029 
0.997216 0.894657 0.792531 0.69101 0.590218 0.490218 0.39101 0.292531 0.194657 0.0972157 
0.997324 0.894865 0.792822 0.69136 0.590598 0.490598 0.39136 0.292822 0.194865 0.0973241 
0.997428 0.895065 0.793101 0.691696 0.590964 0.490964 0.391696 0.293101 0.195065 0.0974282 
0.997528 0.895257 0.79337 0.69202 0.591316 0.491316 0.39202 0.29337 0.195257 0.0975283 
0.997625 0.895442 0.793628 0.69233 0.591654 0.491654 0.39233 0.293628 0.195442 0.0976246 
0.997717 0.895619 0.793876 0.692629 0.591979 0.491979 0.392629 0.293876 0.195619 0.097717 
0.997806 0.89579 0.794114 0.692916 0.592291 0.492291 0.392916 0.294114 0.19579 0.0978059 
0.997891 0.895953 0.794343 0.693192 0.592591 0.492592 0.393192 0.294343 0.195953 0.0978913 
0.997973 0.896111 0.794564 0.693457 0.59288 0.49288 0.393457 0.294564 0.196111 0.0979734 
0.998052 0.896262 0.794775 0.693711 0.593157 0.493157 0.393711 0.294775 0.196262 0.0980523 
0.998128 0.896408 0.794979 0.693956 0.593423 0.493423 0.393956 0.294979 0.196408 0.0981281 
0.998201 0.896548 0.795174 0.694192 0.59368 0.49368 0.394192 0.295174 0.196548 0.098201 
0.998271 0.896682 0.795362 0.694418 0.593926 0.493926 0.394418 0.295362 0.196682 0.098271 
0.998338 0.896811 0.795543 0.694635 0.594162 0.494162 0.394635 0.295543 0.196811 0.0983383 
0.998403 0.896935 0.795716 0.694844 0.594389 0.494389 0.394844 0.295716 0.196935 0.098403 
0.998465 0.897055 0.795883 0.695045 0.594608 0.494608 0.395045 0.295883 0.197055 0.0984652 
0.998525 0.897169 0.796043 0.695238 0.594818 0.494818 0.395238 0.296043 0.197169 0.098525 
0.998582 0.89728 0.796197 0.695423 0.595019 0.495019 0.395423 0.296197 0.19728 0.0985824 
0.998638 0.897386 0.796345 0.695601 0.595213 0.495213 0.395601 0.296345 0.197386 0.0986376 
0.998691 0.897487 0.796488 0.695772 0.5954 0.4954 0.395772 0.296488 0.197487 0.0986906 
0.998742 0.897585 0.796624 0.695937 0.595579 0.495579 0.395937 0.296624 0.197585 0.0987416 
0.998791 0.897679 0.796756 0.696095 0.595751 0.495751 0.396095 0.296756 0.197679 0.0987906 
0.998838 0.897769 0.796882 0.696247 0.595916 0.495916 0.396247 0.296882 0.197769 0.0988377 
0.998883 0.897856 0.797003 0.696393 0.596075 0.496075 0.396393 0.297003 0.197856 0.0988829 
0.998926 0.89794 0.79712 0.696534 0.596228 0.496228 0.396534 0.29712 0.19794 0.0989264 
0.998968 0.89802 0.797232 0.696669 0.596375 0.496375 0.396669 0.297232 0.19802 0.0989682 
0.999008 0.898097 0.79734 0.696798 0.596516 0.496516 0.396798 0.29734 0.198097 0.0990084 
0.999047 0.898171 0.797443 0.696923 0.596652 0.496652 0.396923 0.297443 0.198171 0.099047 
0.999084 0.898242 0.797543 0.697043 0.596782 0.496782 0.397043 0.297543 0.198242 0.0990841 
0.99912 0.898311 0.797639 0.697158 0.596907 0.496907 0.397158 0.297639 0.198311 0.0991197 
0.999154 0.898377 0.797731 0.697268 0.597028 0.497028 0.397268 0.297731 0.198377 0.099154 
0.999187 0.89844 0.797819 0.697375 0.597143 0.497143 0.397375 0.297819 0.19844 0.0991869 
0.999219 0.8985 0.797904 0.697477 0.597255 0.497255 0.397477 0.297904 0.1985 0.0992186 
0.999249 0.898559 0.797985 0.697575 0.597361 0.497361 0.397575 0.297985 0.198559 0.099249 
0.999278 0.898615 0.798064 0.69767 0.597464 0.497464 0.39767 0.298064 0.198615 0.0992782 
0.999306 0.898669 0.798139 0.69776 0.597563 0.497563 0.39776 0.298139 0.198669 0.0993063 
0.999333 0.898721 0.798212 0.697848 0.597658 0.497658 0.397848 0.298212 0.198721 0.0993333 
0.999359 0.89877 0.798281 0.697931 0.597749 0.497749 0.397931 0.298281 0.19877 0.0993593 
0.999384 0.898818 0.798348 0.698012 0.597837 0.497837 0.398012 0.298348 0.198818 0.0993842 
0.999408 0.898864 0.798413 0.698089 0.597921 0.497921 0.398089 0.298413 0.198864 0.0994082 
0.999431 0.898909 0.798474 0.698164 0.598002 0.498002 0.398164 0.298474 0.198909 0.0994312 
0.999453 0.898951 0.798534 0.698235 0.59808 0.49808 0.398235 0.298534 0.198951 0.0994534 
0.999475 0.898992 0.798591 0.698304 0.598154 0.498154 0.398304 0.298591 0.198992 0.0994747 
0.999495 0.899031 0.798646 0.69837 0.598226 0.498226 0.39837 0.298646 0.199031 0.0994951 
0.999515 0.899069 0.798698 0.698433 0.598295 0.498295 0.398433 0.298698 0.199069 0.0995148 
0.999534 0.899105 0.798749 0.698494 0.598362 0.498362 0.398494 0.298749 0.199105 0.0995337 
0.999552 0.89914 0.798798 0.698553 0.598425 0.498425 0.398553 0.298798 0.19914 0.0995518 
0.999569 0.899173 0.798845 0.698609 0.598487 0.498487 0.398609 0.298845 0.199173 0.0995693 
0.999586 0.899206 0.79889 0.698663 0.598546 0.498546 0.398663 0.29889 0.199206 0.099586 
0.999602 0.899237 0.798933 0.698715 0.598602 0.498602 0.398715 0.298933 0.199237 0.0996021 
0.999618 0.899266 0.798974 0.698765 0.598657 0.498657 0.398765 0.298974 0.199266 0.0996176 
0.999633 0.899295 0.799014 0.698814 0.598709 0.498709 0.398814 0.299014 0.199295 0.0996325 
0.999647 0.899322 0.799053 0.69886 0.598759 0.498759 0.39886 0.299053 0.199322 0.0996468 
0.999661 0.899349 0.799089 0.698904 0.598807 0.498807 0.398904 0.299089 0.199349 0.0996606 
0.999674 0.899374 0.799125 0.698947 0.598854 0.498854 0.398947 0.299125 0.199374 0.0996738 
0.999686 0.899398 0.799159 0.698988 0.598899 0.498899 0.398988 0.299159 0.199398 0.0996865 
0.999699 0.899422 0.799192 0.699027 0.598941 0.498941 0.399027 0.299192 0.199422 0.0996987 
0.99971 0.899444 0.799223 0.699065 0.598983 0.498983 0.399065 0.299223 0.199444 0.0997104 
0.999722 0.899466 0.799253 0.699101 0.599022 0.499022 0.399101 0.299253 0.199466 0.0997217 
0.999733 0.899487 0.799283 0.699136 0.59906 0.49906 0.399136 0.299283 0.199487 0.0997325 
0.999743 0.899507 0.79931 0.69917 0.599097 0.499097 0.39917 0.29931 0.199507 0.0997429 
0.999753 0.899526 0.799337 0.699202 0.599132 0.499132 0.399202 0.299337 0.199526 0.099753 
0.999763 0.899544 0.799363 0.699233 0.599166 0.499166 0.399233 0.299363 0.199544 0.0997626 
0.999772 0.899562 0.799388 0.699263 0.599198 0.499198 0.399263 0.299388 0.199562 0.0997718 
0.999781 0.899579 0.799412 0.699292 0.59923 0.49923 0.399292 0.299412 0.199579 0.0997807 
0.999789 0.899596 0.799435 0.699319 0.59926 0.49926 0.399319 0.299435 0.199596 0.0997892 
0.999797 0.899611 0.799457 0.699346 0.599288 0.499288 0.399346 0.299457 0.199611 0.0997974 
0.999805 0.899626 0.799478 0.699371 0.599316 0.499316 0.399371 0.299478 0.199626 0.0998053 
0.999813 0.899641 0.799498 0.699396 0.599343 0.499343 0.399396 0.299498 0.199641 0.0998129 
0.99982 0.899655 0.799518 0.699419 0.599368 0.499368 0.399419 0.299518 0.199655 0.0998202 
0.999827 0.899668 0.799536 0.699442 0.599393 0.499393 0.399442 0.299536 0.199668 0.0998272 
0.999834 0.899681 0.799554 0.699464 0.599416 0.499416 0.399464 0.299554 0.199681 0.0998339 
0.99984 0.899694 0.799572 0.699485 0.599439 0.499439 0.399485 0.299572 0.199694 0.0998404 
0.999847 0.899706 0.799588 0.699505 0.599461 0.499461 0.399505 0.299588 0.199706 0.0998466 
0.999853 0.899717 0.799605 0.699524 0.599482 0.499482 0.399524 0.299605 0.199717 0.0998526 
0.999858 0.899728 0.79962 0.699543 0.599502 0.499502 0.399543 0.29962 0.199728 0.0998583 
0.999864 0.899739 0.799635 0.69956 0.599522 0.499522 0.39956 0.299635 0.199739 0.0998638 
0.999869 0.899749 0.799649 0.699577 0.59954 0.49954 0.399577 0.299649 0.199749 0.0998691 
0.999874 0.899759 0.799663 0.699594 0.599558 0.499558 0.399594 0.299663 0.199759 0.0998742 
0.999879 0.899768 0.799676 0.69961 0.599575 0.499575 0.39961 0.299676 0.199768 0.0998791 
0.999884 0.899777 0.799688 0.699625 0.599592 0.499592 0.399625 0.299688 0.199777 0.0998838 
0.999888 0.899786 0.7997 0.699639 0.599608 0.499608 0.399639 0.2997 0.199786 0.0998883 
0.999893 0.899794 0.799712 0.699654 0.599623 0.499623 0.399654 0.299712 0.199794 0.0998927 
0.999897 0.899802 0.799723 0.699667 0.599638 0.499638 0.399667 0.299723 0.199802 0.0998969 
0.999901 0.89981 0.799734 0.69968 0.599652 0.499652 0.39968 0.299734 0.19981 0.0999009 
0.999905 0.899817 0.799744 0.699692 0.599665 0.499665 0.399692 0.299744 0.199817 0.0999047 
0.999908 0.899824 0.799754 0.699704 0.599678 0.499678 0.399704 0.299754 0.199824 0.0999085 
0.999912 0.899831 0.799764 0.699716 0.599691 0.499691 0.399716 0.299764 0.199831 0.099912 
0.999915 0.899838 0.799773 0.699727 0.599703 0.499703 0.399727 0.299773 0.199838 0.0999154 
0.999919 0.899844 0.799782 0.699738 0.599714 0.499714 0.399738 0.299782 0.199844 0.0999187 
0.999922 0.89985 0.79979 0.699748 0.599726 0.499726 0.399748 0.29979 0.19985 0.0999219 
0.999925 0.899856 0.799799 0.699758 0.599736 0.499736 0.399758 0.299799 0.199856 0.0999249 
0.999928 0.899862 0.799806 0.699767 0.599747 0.499747 0.399767 0.299806 0.199862 0.0999279 
0.999931 0.899867 0.799814 0.699776 0.599756 0.499756 0.399776 0.299814 0.199867 0.0999307 
