1 -2.77556e-17 -5.55112e-17 0 0 0 0 0 0 0.1 
0.904459 0.326754 0.0560628 0.0096231 0.00167583 0.00043183 0.000915131 0.00505897 0.0294387 0.0715731 
0.924868 0.44921 0.156363 0.0404658 0.00944681 0.0028085 0.00394953 0.0135677 0.0369846 0.0728308 
0.937574 0.525441 0.235422 0.0846892 0.0259717 0.00897316 0.00885391 0.0198751 0.0423273 0.0737212 
0.946343 0.578056 0.298117 0.12967 0.0491337 0.019526 0.0152505 0.025421 0.0463438 0.0743906 
0.952839 0.617036 0.348802 0.171815 0.0754988 0.0337136 0.0233467 0.0309186 0.0497288 0.0749548 
0.957897 0.647382 0.39068 0.210245 0.102857 0.0503693 0.0330864 0.0368233 0.0529407 0.0754901 
0.961981 0.671883 0.425977 0.244995 0.129966 0.0684746 0.0441994 0.0433565 0.0562659 0.0760443 
0.96537 0.692223 0.456241 0.276392 0.156178 0.0872728 0.0563443 0.0505632 0.0598564 0.0766427 
0.968246 0.709478 0.482567 0.304825 0.181181 0.10624 0.0691909 0.0583806 0.0637656 0.0772943 
0.970729 0.724374 0.505746 0.330666 0.204853 0.125026 0.0824535 0.0666923 0.0679826 0.0779971 
0.972903 0.737415 0.526366 0.354245 0.227175 0.143406 0.0958991 0.0753633 0.0724602 0.0787434 
0.974828 0.748966 0.544867 0.375847 0.24818 0.161235 0.109344 0.0842608 0.0771351 0.0795225 
0.976549 0.759295 0.561592 0.395711 0.26793 0.178428 0.122646 0.0932645 0.0819402 0.0803234 
0.978101 0.768606 0.576806 0.414041 0.286496 0.194938 0.135699 0.102271 0.0868125 0.0811354 
0.97951 0.777058 0.590721 0.43101 0.303954 0.210742 0.148424 0.111196 0.0916961 0.0819493 
0.980796 0.784775 0.603508 0.446763 0.320376 0.225834 0.160765 0.11997 0.0965441 0.0827573 
0.981976 0.791856 0.615306 0.461425 0.335832 0.240221 0.172683 0.128542 0.101318 0.0835531 
0.983064 0.798381 0.626229 0.475101 0.350388 0.253916 0.184152 0.136871 0.105989 0.0843315 
0.984069 0.804416 0.636373 0.487882 0.364102 0.266939 0.19516 0.144929 0.110533 0.0850889 
0.985003 0.810016 0.645818 0.499848 0.377031 0.279312 0.2057 0.152698 0.114934 0.0858223 
0.985871 0.815226 0.654632 0.511067 0.389225 0.291059 0.215772 0.160164 0.11918 0.08653 
0.986681 0.820085 0.662874 0.521599 0.40073 0.302204 0.225382 0.167321 0.123264 0.0872107 
0.987438 0.824626 0.670592 0.531497 0.411589 0.312775 0.234539 0.174168 0.127182 0.0878637 
0.988146 0.828877 0.677832 0.540808 0.421842 0.322795 0.243254 0.180707 0.130932 0.0884886 
0.98881 0.832862 0.684631 0.549575 0.431526 0.332292 0.251541 0.186943 0.134515 0.0890858 
0.989434 0.836604 0.691023 0.557834 0.440674 0.34129 0.259415 0.192881 0.137932 0.0896554 
0.99002 0.84012 0.697037 0.56562 0.449317 0.349813 0.266891 0.198531 0.141188 0.0901981 
0.990571 0.843428 0.702701 0.572963 0.457486 0.357884 0.273985 0.203902 0.144287 0.0907145 
0.99109 0.846543 0.708038 0.579893 0.465206 0.365527 0.280715 0.209004 0.147234 0.0912056 
0.99158 0.849478 0.713071 0.586434 0.472505 0.372762 0.287095 0.213847 0.150033 0.0916721 
0.992041 0.852244 0.717818 0.592611 0.479405 0.379612 0.293142 0.218443 0.15269 0.0921151 
0.992476 0.854853 0.722298 0.598446 0.485929 0.386096 0.298873 0.222801 0.155212 0.0925354 
0.992886 0.857316 0.726528 0.603957 0.492098 0.392232 0.304301 0.226932 0.157604 0.0929341 
0.993273 0.85964 0.730523 0.609166 0.497932 0.398039 0.309442 0.230847 0.159872 0.0933121 
0.993639 0.861835 0.734296 0.614089 0.503449 0.403535 0.314311 0.234557 0.162022 0.0936703 
0.993985 0.863909 0.737861 0.618742 0.508667 0.408736 0.31892 0.238071 0.164059 0.0940098 
0.994311 0.865867 0.74123 0.62314 0.513601 0.413657 0.323284 0.241399 0.165988 0.0943313 
0.99462 0.867718 0.744414 0.627299 0.518269 0.418314 0.327415 0.24455 0.167815 0.0946359 
0.994911 0.869468 0.747424 0.631232 0.522684 0.42272 0.331324 0.247533 0.169546 0.0949243 
0.995187 0.871121 0.75027 0.63495 0.52686 0.426889 0.335025 0.250358 0.171184 0.0951973 
0.995447 0.872684 0.75296 0.638467 0.53081 0.430833 0.338527 0.253031 0.172735 0.0954558 
0.995694 0.874162 0.755504 0.641792 0.534546 0.434565 0.34184 0.255561 0.174203 0.0957005 
0.995927 0.87556 0.75791 0.644938 0.53808 0.438095 0.344976 0.257956 0.175593 0.0959321 
0.996147 0.876882 0.760185 0.647912 0.541424 0.441436 0.347944 0.260222 0.176908 0.0961513 
0.996355 0.878131 0.762337 0.650726 0.544586 0.444596 0.350751 0.262366 0.178152 0.0963587 
0.996552 0.879313 0.764372 0.653388 0.547578 0.447586 0.353408 0.264396 0.17933 0.096555 
0.996738 0.880431 0.766297 0.655905 0.550408 0.450415 0.355921 0.266316 0.180445 0.0967408 
0.996915 0.881488 0.768117 0.658286 0.553085 0.453091 0.358299 0.268133 0.181499 0.0969165 
0.997081 0.882488 0.769839 0.660539 0.555618 0.455622 0.360549 0.269852 0.182497 0.0970828 
0.997239 0.883434 0.771468 0.66267 0.558014 0.458017 0.362678 0.271478 0.183441 0.0972402 
0.997388 0.884329 0.773009 0.664685 0.560281 0.460283 0.364692 0.273017 0.184334 0.0973891 
0.997529 0.885175 0.774466 0.666592 0.562425 0.462427 0.366597 0.274473 0.18518 0.0975299 
0.997663 0.885976 0.775845 0.668396 0.564453 0.464455 0.3684 0.27585 0.185979 0.0976632 
0.997789 0.886733 0.777149 0.670102 0.566372 0.466373 0.370105 0.277153 0.186736 0.0977893 
0.997908 0.887449 0.778383 0.671716 0.568187 0.468188 0.371719 0.278386 0.187452 0.0979086 
0.998021 0.888127 0.77955 0.673243 0.569904 0.469905 0.373245 0.279553 0.188129 0.0980215 
0.998128 0.888768 0.780654 0.674687 0.571529 0.47153 0.374689 0.280656 0.188769 0.0981282 
0.998229 0.889374 0.781699 0.676054 0.573066 0.473066 0.376055 0.2817 0.189375 0.0982292 
0.998325 0.889948 0.782686 0.677346 0.57452 0.47452 0.377347 0.282688 0.189949 0.0983248 
0.998415 0.890491 0.783621 0.678569 0.575895 0.475895 0.37857 0.283622 0.190491 0.0984152 
0.998501 0.891004 0.784505 0.679726 0.577196 0.477196 0.379727 0.284506 0.191005 0.0985008 
0.998582 0.891489 0.785342 0.68082 0.578427 0.478427 0.380821 0.285342 0.19149 0.0985817 
0.998658 0.891949 0.786133 0.681856 0.579592 0.479592 0.381856 0.286134 0.191949 0.0986582 
0.998731 0.892384 0.786882 0.682835 0.580693 0.480693 0.382835 0.286882 0.192384 0.0987306 
0.998799 0.892795 0.78759 0.683762 0.581735 0.481735 0.383762 0.28759 0.192795 0.0987992 
0.998864 0.893184 0.78826 0.684638 0.582721 0.482721 0.384638 0.28826 0.193184 0.098864 
0.998925 0.893552 0.788893 0.685467 0.583654 0.483654 0.385468 0.288894 0.193552 0.0989253 
0.998983 0.8939 0.789493 0.686252 0.584536 0.484536 0.386252 0.289493 0.1939 0.0989833 
0.999038 0.894229 0.79006 0.686994 0.585371 0.485371 0.386994 0.29006 0.194229 0.0990382 
0.99909 0.89454 0.790597 0.687696 0.586161 0.486161 0.387696 0.290597 0.194541 0.0990901 
0.999139 0.894835 0.791104 0.68836 0.586908 0.486908 0.38836 0.291104 0.194835 0.0991392 
0.999186 0.895114 0.791584 0.688988 0.587614 0.487614 0.388988 0.291584 0.195114 0.0991857 
0.99923 0.895378 0.792039 0.689583 0.588283 0.488283 0.389583 0.292039 0.195378 0.0992296 
0.999271 0.895627 0.792468 0.690145 0.588915 0.488915 0.390145 0.292468 0.195627 0.0992712 
0.999311 0.895863 0.792875 0.690677 0.589514 0.489514 0.390677 0.292875 0.195863 0.0993105 
0.999348 0.896086 0.793259 0.69118 0.59008 0.49008 0.39118 0.293259 0.196087 0.0993478 
0.999383 0.896298 0.793623 0.691656 0.590615 0.490615 0.391656 0.293623 0.196298 0.099383 
0.999416 0.896498 0.793967 0.692107 0.591122 0.491122 0.392107 0.293968 0.196498 0.0994163 
0.999448 0.896687 0.794293 0.692533 0.591601 0.491601 0.392533 0.294293 0.196687 0.0994478 
0.999478 0.896865 0.794601 0.692936 0.592054 0.492054 0.392936 0.294601 0.196865 0.0994776 
0.999506 0.897035 0.794893 0.693317 0.592483 0.492483 0.393317 0.294893 0.197035 0.0995058 
0.999532 0.897195 0.795168 0.693678 0.592889 0.492889 0.393678 0.295168 0.197195 0.0995325 
0.999558 0.897346 0.795429 0.694019 0.593273 0.493273 0.394019 0.295429 0.197346 0.0995577 
0.999582 0.897489 0.795676 0.694342 0.593636 0.493636 0.394342 0.295676 0.197489 0.0995816 
0.999604 0.897625 0.795909 0.694647 0.593979 0.493979 0.394647 0.295909 0.197625 0.0996042 
0.999626 0.897753 0.79613 0.694936 0.594304 0.494304 0.394936 0.29613 0.197753 0.0996255 
0.999646 0.897874 0.796339 0.69521 0.594612 0.494612 0.39521 0.296339 0.197874 0.0996457 
0.999665 0.897989 0.796537 0.695468 0.594903 0.494903 0.395468 0.296537 0.197989 0.0996649 
0.999683 0.898098 0.796723 0.695713 0.595178 0.495178 0.395713 0.296723 0.198098 0.0996829 
0.9997 0.8982 0.7969 0.695944 0.595438 0.495438 0.395944 0.2969 0.1982 0.0997001 
0.999716 0.898297 0.797068 0.696163 0.595684 0.495684 0.396163 0.297068 0.198297 0.0997162 
0.999732 0.898389 0.797226 0.69637 0.595917 0.495917 0.39637 0.297226 0.198389 0.0997316 
0.999746 0.898476 0.797376 0.696566 0.596138 0.496138 0.396566 0.297376 0.198476 0.0997461 
0.99976 0.898559 0.797517 0.696751 0.596346 0.496346 0.396751 0.297517 0.198559 0.0997598 
0.999773 0.898636 0.797651 0.696927 0.596543 0.496543 0.396927 0.297651 0.198636 0.0997727 
0.999785 0.89871 0.797778 0.697093 0.59673 0.49673 0.397093 0.297778 0.19871 0.099785 
0.999797 0.89878 0.797898 0.69725 0.596906 0.496906 0.39725 0.297898 0.19878 0.0997966 
0.999808 0.898845 0.798011 0.697398 0.597073 0.497073 0.397398 0.298011 0.198845 0.0998076 
0.999818 0.898908 0.798119 0.697539 0.597231 0.497231 0.397539 0.298119 0.198908 0.099818 
0.999828 0.898967 0.79822 0.697671 0.597381 0.497381 0.397671 0.29822 0.198967 0.0998278 
0.999837 0.899023 0.798316 0.697797 0.597522 0.497522 0.397797 0.298316 0.199023 0.0998371 
0.999846 0.899075 0.798407 0.697916 0.597656 0.497656 0.397916 0.298407 0.199075 0.0998459 
0.999854 0.899125 0.798493 0.698028 0.597782 0.497782 0.398028 0.298493 0.199125 0.0998542 
0.999862 0.899172 0.798575 0.698135 0.597902 0.497902 0.398135 0.298575 0.199172 0.0998621 
0.99987 0.899217 0.798652 0.698236 0.598015 0.498015 0.398236 0.298652 0.199217 0.0998695 
0.999877 0.899259 0.798724 0.698331 0.598123 0.498123 0.398331 0.298724 0.199259 0.0998766 
0.999883 0.899299 0.798793 0.698421 0.598224 0.498224 0.398421 0.298793 0.199299 0.0998832 
0.99989 0.899337 0.798858 0.698506 0.59832 0.49832 0.398506 0.298858 0.199337 0.0998895 
0.999895 0.899373 0.79892 0.698587 0.59841 0.49841 0.398587 0.29892 0.199373 0.0998955 
0.999901 0.899407 0.798978 0.698663 0.598496 0.498496 0.398663 0.298978 0.199407 0.0999011 
0.999906 0.899439 0.799033 0.698735 0.598577 0.498577 0.398735 0.299033 0.199439 0.0999065 
0.999912 0.899469 0.799086 0.698803 0.598654 0.498654 0.398803 0.299086 0.199469 0.0999115 
0.999916 0.899498 0.799135 0.698868 0.598727 0.498727 0.398868 0.299135 0.199498 0.0999163 
0.999921 0.899525 0.799182 0.698929 0.598796 0.498796 0.398929 0.299182 0.199525 0.0999208 
0.999925 0.899551 0.799226 0.698987 0.598861 0.498861 0.398987 0.299226 0.199551 0.0999251 
0.999929 0.899575 0.799268 0.699042 0.598922 0.498922 0.399042 0.299268 0.199575 0.0999291 
0.999933 0.899598 0.799307 0.699093 0.59898 0.49898 0.399093 0.299307 0.199598 0.099933 
0.999937 0.899619 0.799345 0.699142 0.599035 0.499035 0.399142 0.299345 0.199619 0.0999366 
0.99994 0.89964 0.79938 0.699189 0.599087 0.499087 0.399189 0.29938 0.19964 0.09994 
0.999943 0.899659 0.799413 0.699232 0.599137 0.499137 0.399232 0.299413 0.199659 0.0999432 
0.999946 0.899678 0.799445 0.699274 0.599183 0.499183 0.399274 0.299445 0.199678 0.0999463 
0.999949 0.899695 0.799475 0.699313 0.599227 0.499227 0.399313 0.299475 0.199695 0.0999492 
0.999952 0.899712 0.799503 0.69935 0.599269 0.499269 0.39935 0.299503 0.199712 0.0999519 
0.999955 0.899727 0.79953 0.699385 0.599308 0.499308 0.399385 0.29953 0.199727 0.0999545 
0.999957 0.899742 0.799555 0.699418 0.599346 0.499346 0.399418 0.299555 0.199742 0.099957 
0.999959 0.899756 0.799579 0.69945 0.599381 0.499381 0.39945 0.299579 0.199756 0.0999593 
0.999962 0.899769 0.799602 0.699479 0.599415 0.499415 0.399479 0.299602 0.199769 0.0999615 
0.999964 0.899782 0.799624 0.699508 0.599446 0.499446 0.399508 0.299624 0.199782 0.0999636 
0.999966 0.899793 0.799644 0.699534 0.599476 0.499476 0.399534 0.299644 0.199793 0.0999655 
0.999967 0.899804 0.799663 0.699559 0.599504 0.499504 0.399559 0.299663 0.199804 0.0999674 
0.999969 0.899815 0.799681 0.699583 0.599531 0.499531 0.399583 0.299681 0.199815 0.0999692 
0.999971 0.899825 0.799699 0.699606 0.599556 0.499556 0.399606 0.299699 0.199825 0.0999708 
0.999972 0.899834 0.799715 0.699627 0.59958 0.49958 0.399627 0.299715 0.199834 0.0999724 
0.999974 0.899843 0.79973 0.699647 0.599603 0.499603 0.399647 0.29973 0.199843 0.0999739 
0.999975 0.899852 0.799745 0.699666 0.599624 0.499624 0.399666 0.299745 0.199852 0.0999753 
0.999977 0.89986 0.799759 0.699684 0.599645 0.499645 0.399684 0.299759 0.19986 0.0999766 
0.999978 0.899867 0.799772 0.699701 0.599664 0.499664 0.399701 0.299772 0.199867 0.0999779 
0.999979 0.899875 0.799784 0.699717 0.599682 0.499682 0.399717 0.299784 0.199875 0.0999791 
0.99998 0.899881 0.799796 0.699733 0.599699 0.499699 0.399733 0.299796 0.199881 0.0999802 
0.999981 0.899888 0.799807 0.699747 0.599715 0.499715 0.399747 0.299807 0.199888 0.0999813 
0.999982 0.899894 0.799817 0.699761 0.599731 0.499731 0.399761 0.299817 0.199894 0.0999823 
0.999983 0.8999 0.799827 0.699774 0.599745 0.499745 0.399774 0.299827 0.1999 0.0999833 
0.999984 0.899905 0.799836 0.699786 0.599759 0.499759 0.399786 0.299836 0.199905 0.0999842 
0.999985 0.89991 0.799845 0.699797 0.599772 0.499772 0.399797 0.299845 0.19991 0.099985 
0.999986 0.899915 0.799853 0.699808 0.599784 0.499784 0.399808 0.299853 0.199915 0.0999858 
0.999987 0.89992 0.799861 0.699819 0.599796 0.499796 0.399819 0.299861 0.19992 0.0999866 
0.999987 0.899924 0.799869 0.699828 0.599807 0.499807 0.399828 0.299869 0.199924 0.0999873 
0.999988 0.899928 0.799876 0.699838 0.599817 0.499817 0.399838 0.299876 0.199928 0.099988 
0.999989 0.899932 0.799883 0.699846 0.599827 0.499827 0.399846 0.299883 0.199932 0.0999886 
0.999989 0.899936 0.799889 0.699855 0.599837 0.499837 0.399855 0.299889 0.199936 0.0999893 
0.99999 0.899939 0.799895 0.699863 0.599845 0.499845 0.399863 0.299895 0.199939 0.0999898 
0.99999 0.899942 0.799901 0.69987 0.599854 0.499854 0.39987 0.299901 0.199942 0.0999904 
0.999991 0.899945 0.799906 0.699877 0.599862 0.499862 0.399877 0.299906 0.199945 0.0999909 
0.999991 0.899948 0.799911 0.699884 0.599869 0.499869 0.399884 0.299911 0.199948 0.0999914 
0.999992 0.899951 0.799916 0.69989 0.599876 0.499876 0.39989 0.299916 0.199951 0.0999919 
0.999992 0.899954 0.79992 0.699896 0.599883 0.499883 0.399896 0.29992 0.199954 0.0999923 
0.999993 0.899956 0.799925 0.699901 0.599889 0.499889 0.399901 0.299925 0.199956 0.0999927 
0.999993 0.899959 0.799929 0.699907 0.599895 0.499895 0.399907 0.299929 0.199959 0.0999931 
0.999993 0.899961 0.799933 0.699912 0.599901 0.499901 0.399912 0.299933 0.199961 0.0999935 
0.999994 0.899963 0.799936 0.699917 0.599906 0.499906 0.399917 0.299936 0.199963 0.0999938 
0.999994 0.899965 0.79994 0.699921 0.599911 0.499911 0.399921 0.29994 0.199965 0.0999942 
0.999994 0.899967 0.799943 0.699925 0.599916 0.499916 0.399925 0.299943 0.199967 0.0999945 
0.999995 0.899969 0.799946 0.699929 0.599921 0.499921 0.399929 0.299946 0.199969 0.0999948 
0.999995 0.89997 0.799949 0.699933 0.599925 0.499925 0.399933 0.299949 0.19997 0.0999951 
0.999995 0.899972 0.799952 0.699937 0.599929 0.499929 0.399937 0.299952 0.199972 0.0999953 
0.999996 0.899973 0.799954 0.69994 0.599933 0.499933 0.39994 0.299954 0.199973 0.0999956 
0.999996 0.899975 0.799957 0.699943 0.599936 0.499936 0.399943 0.299957 0.199975 0.0999958 
0.999996 0.899976 0.799959 0.699946 0.59994 0.49994 0.399946 0.299959 0.199976 0.099996 
0.999996 0.899978 0.799961 0.699949 0.599943 0.499943 0.399949 0.299961 0.199978 0.0999963 
0.999996 0.899979 0.799963 0.699952 0.599946 0.499946 0.399952 0.299963 0.199979 0.0999965 
0.999997 0.89998 0.799965 0.699955 0.599949 0.499949 0.399955 0.299965 0.19998 0.0999966 
0.999997 0.899981 0.799967 0.699957 0.599952 0.499952 0.399957 0.299967 0.199981 0.0999968 
0.999997 0.899982 0.799969 0.699959 0.599954 0.499954 0.399959 0.299969 0.199982 0.099997 
0.999997 0.899983 0.799971 0.699962 0.599957 0.499957 0.399962 0.299971 0.199983 0.0999972 
0.999997 0.899984 0.799972 0.699964 0.599959 0.499959 0.399964 0.299972 0.199984 0.0999973 
0.999997 0.899985 0.799974 0.699966 0.599961 0.499961 0.399966 0.299974 0.199985 0.0999975 
0.999998 0.899986 0.799975 0.699968 0.599963 0.499963 0.399968 0.299975 0.199986 0.0999976 
0.999998 0.899986 0.799977 0.699969 0.599965 0.499965 0.399969 0.299977 0.199986 0.0999977 
0.999998 0.899987 0.799978 0.699971 0.599967 0.499967 0.399971 0.299978 0.199987 0.0999979 
0.999998 0.899988 0.799979 0.699973 0.599969 0.499969 0.399973 0.299979 0.199988 0.099998 
0.999998 0.899988 0.79998 0.699974 0.599971 0.499971 0.399974 0.29998 0.199988 0.0999981 
0.999998 0.899989 0.799981 0.699975 0.599972 0.499972 0.399975 0.299981 0.199989 0.0999982 
0.999998 0.89999 0.799982 0.699977 0.599974 0.499974 0.399977 0.299982 0.19999 0.0999983 
0.999998 0.89999 0.799983 0.699978 0.599975 0.499975 0.399978 0.299983 0.19999 0.0999984 
0.999998 0.899991 0.799984 0.699979 0.599977 0.499977 0.399979 0.299984 0.199991 0.0999985 
0.999999 0.899991 0.799985 0.69998 0.599978 0.499978 0.39998 0.299985 0.199991 0.0999985 
0.999999 0.899992 0.799986 0.699981 0.599979 0.499979 0.399981 0.299986 0.199992 0.0999986 
0.999999 0.899992 0.799987 0.699982 0.59998 0.49998 0.399982 0.299987 0.199992 0.0999987 
0.999999 0.899993 0.799987 0.699983 0.599981 0.499981 0.399983 0.299987 0.199993 0.0999988 
0.999999 0.899993 0.799988 0.699984 0.599982 0.499982 0.399984 0.299988 0.199993 0.0999988 
0.999999 0.899993 0.799989 0.699985 0.599983 0.499983 0.399985 0.299989 0.199993 0.0999989 
0.999999 0.899994 0.799989 0.699986 0.599984 0.499984 0.399986 0.299989 0.199994 0.099999 
0.999999 0.899994 0.79999 0.699987 0.599985 0.499985 0.399987 0.29999 0.199994 0.099999 
0.999999 0.899994 0.79999 0.699987 0.599986 0.499986 0.399987 0.29999 0.199994 0.0999991 
0.999999 0.899995 0.799991 0.699988 0.599987 0.499987 0.399988 0.299991 0.199995 0.0999991 
0.999999 0.899995 0.799991 0.699989 0.599987 0.499987 0.399989 0.299991 0.199995 0.0999992 
0.999999 0.899995 0.799992 0.699989 0.599988 0.499988 0.399989 0.299992 0.199995 0.0999992 
0.999999 0.899996 0.799992 0.69999 0.599989 0.499989 0.39999 0.299992 0.199996 0.0999993 
