1 0.5 -5.55112e-17 0 0 1.11022e-16 0 0 0.05 0
1 0.5 0.25 0 1.11022e-16 1.11022e-16 0 0.025 0.05 0
1 0.625 0.25 0.125 1.11022e-16 1.11022e-16 0.0125 0.025 0.0625 0
1 0.625 0.375 0.125 0.0625 0.00625 0.0125 0.0375 0.0625 0
1 0.6875 0.375 0.21875 0.065625 0.0375 0.021875 0.0375 0.06875 0
1 0.6875 0.453125 0.220313 0.128125 0.04375 0.0375 0.0453125 0.06875 0
1 0.726563 0.453906 0.290625 0.132031 0.0828125 0.0445313 0.053125 0.0726562 0
1 0.726953 0.508594 0.292969 0.186719 0.0882813 0.0679688 0.0585938 0.0765625 0
1 0.754297 0.509961 0.347656 0.190625 0.127344 0.0734375 0.0722656 0.0792969 0
1 0.75498 0.550977 0.350293 0.2375 0.132031 0.0998047 0.0763672 0.0861328 0
1 0.775488 0.552637 0.394238 0.241162 0.168652 0.104199 0.0929688 0.0881836 0
1 0.776318 0.584863 0.396899 0.281445 0.172681 0.130811 0.0961914 0.0964844 0
1 0.792432 0.586609 0.433154 0.28479 0.206128 0.134436 0.113647 0.0980957 0
1 0.793304 0.612793 0.435699 0.319641 0.209613 0.159888 0.116266 0.106824 0
1 0.806396 0.614502 0.466217 0.322656 0.239764 0.162939 0.133356 0.108133 0
1 0.807251 0.636307 0.468579 0.352991 0.242798 0.18656 0.135536 0.116678 0
1 0.818153 0.637915 0.494649 0.355688 0.269775 0.189167 0.151619 0.117768 0
1 0.818958 0.656401 0.496802 0.382212 0.272428 0.210697 0.153468 0.125809 0
1 0.828201 0.65788 0.519307 0.384615 0.296455 0.212948 0.168253 0.126734 0
1 0.82894 0.673754 0.521247 0.407881 0.298781 0.232354 0.169841 0.134127 0
1 0.836877 0.675094 0.540817 0.410014 0.320117 0.234311 0.18324 0.13492 0
1 0.837547 0.688847 0.542554 0.430467 0.322163 0.251679 0.184616 0.14162 0
1 0.844423 0.69005 0.559657 0.432358 0.341073 0.253389 0.196649 0.142308 0
1 0.845025 0.70204 0.561204 0.450365 0.342874 0.268861 0.197848 0.148325 0
1 0.85102 0.703115 0.576203 0.452039 0.359613 0.270361 0.208593 0.148924 0
1 0.851557 0.713611 0.577577 0.467908 0.3612 0.284103 0.209643 0.154296 0
1 0.856806 0.714567 0.59076 0.469388 0.376005 0.285421 0.2192 0.154821 0
1 0.857284 0.723783 0.591978 0.483383 0.377405 0.297603 0.220121 0.1596 0
1 0.861891 0.724631 0.603583 0.484691 0.390493 0.298763 0.228601 0.160061 0
1 0.862315 0.732737 0.604661 0.497038 0.391727 0.309547 0.229412 0.164301 0
1 0.866368 0.733488 0.614887 0.498194 0.403292 0.31057 0.236924 0.164706 0
1 0.866744 0.740628 0.615841 0.50909 0.404382 0.320108 0.237638 0.168462 0
1 0.870314 0.741293 0.624859 0.510111 0.414599 0.32101 0.244285 0.168819 0
1 0.870646 0.747586 0.625702 0.519729 0.415561 0.329442 0.244914 0.172142 0
1 0.873793 0.748174 0.633658 0.520631 0.424585 0.330237 0.250792 0.172457 0
1 0.874087 0.753725 0.634403 0.529122 0.425434 0.337689 0.251347 0.175396 0
1 0.876863 0.754245 0.641423 0.529919 0.433405 0.338391 0.256542 0.175674 0
1 0.877122 0.759143 0.642082 0.537414 0.434155 0.344974 0.257032 0.178271 0
1 0.879572 0.759602 0.648279 0.538118 0.441194 0.345593 0.261623 0.178516 0
1 0.879801 0.763925 0.64886 0.544736 0.441856 0.351408 0.262055 0.180811 0
1 0.881963 0.764331 0.654331 0.545358 0.448072 0.351955 0.26611 0.181027 0
1 0.882165 0.768147 0.654844 0.551202 0.448657 0.357091 0.266491 0.183055 0
1 0.884073 0.768505 0.659674 0.55175 0.454146 0.357574 0.270073 0.183246 0
1 0.884252 0.771874 0.660128 0.55691 0.454662 0.36211 0.27041 0.185036 0
1 0.885937 0.77219 0.664392 0.557395 0.45951 0.362536 0.273573 0.185205 0
1 0.886095 0.775164 0.664792 0.561951 0.459966 0.366541 0.27387 0.186787 0
1 0.887582 0.775444 0.668558 0.562379 0.464246 0.366918 0.276664 0.186935 0
1 0.887722 0.77807 0.668911 0.566402 0.464649 0.370455 0.276927 0.188332 0
1 0.889035 0.778317 0.672236 0.56678 0.468429 0.370788 0.279394 0.188463 0
1 0.889158 0.780635 0.672548 0.570332 0.468784 0.373911 0.279625 0.189697 0
1 0.890318 0.780853 0.675484 0.570666 0.472122 0.374205 0.281804 0.189813 0
1 0.890427 0.782901 0.67576 0.573803 0.472435 0.376963 0.282009 0.190902 0
1 0.89145 0.783093 0.678352 0.574097 0.475383 0.377222 0.283932 0.191004 0
1 0.891547 0.784901 0.678595 0.576867 0.47566 0.379658 0.284113 0.191966 0
1 0.892451 0.785071 0.680884 0.577128 0.478262 0.379886 0.285812 0.192057 0
1 0.892535 0.786667 0.681099 0.579573 0.478507 0.382037 0.285972 0.192906 0
1 0.893334 0.786817 0.68312 0.579803 0.480805 0.382239 0.287472 0.192986 0
1 0.893409 0.788227 0.68331 0.581963 0.481021 0.384138 0.287613 0.193736 0
1 0.894113 0.788359 0.685095 0.582166 0.483051 0.384317 0.288937 0.193806 0
1 0.89418 0.789604 0.685263 0.584073 0.483241 0.385994 0.289062 0.194469 0
1 0.894802 0.789721 0.686838 0.584252 0.485033 0.386151 0.290231 0.194531 0
1 0.894861 0.79082 0.686987 0.585936 0.485202 0.387632 0.290341 0.195116 0
1 0.89541 0.790924 0.688378 0.586094 0.486784 0.387771 0.291374 0.195171 0
1 0.895462 0.791894 0.688509 0.587581 0.486933 0.389079 0.291471 0.195687 0
1 0.895947 0.791985 0.689738 0.587721 0.48833 0.389202 0.292383 0.195735 0
1 0.895993 0.792842 0.689853 0.589034 0.488461 0.390356 0.292469 0.196191 0
1 0.896421 0.792923 0.690938 0.589157 0.489695 0.390465 0.293274 0.196234 0
1 0.896461 0.79368 0.69104 0.590317 0.489811 0.391485 0.29335 0.196637 0
1 0.89684 0.793751 0.691998 0.590426 0.490901 0.39158 0.294061 0.196675 0
1 0.896875 0.794419 0.692088 0.591449 0.491003 0.392481 0.294128 0.19703 0
1 0.897209 0.794482 0.692934 0.591546 0.491965 0.392565 0.294756 0.197064 0
1 0.897241 0.795072 0.693014 0.59245 0.492055 0.39336 0.294815 0.197378 0
1 0.897536 0.795127 0.693761 0.592535 0.492905 0.393435 0.295369 0.197407 0
1 0.897564 0.795648 0.693831 0.593333 0.492985 0.394137 0.295421 0.197685 0
1 0.897824 0.795697 0.694491 0.593408 0.493735 0.394203 0.295911 0.197711 0
1 0.897849 0.796157 0.694553 0.594113 0.493805 0.394823 0.295957 0.197955 0
1 0.898079 0.796201 0.695135 0.594179 0.494468 0.394881 0.296389 0.197978 0
1 0.8981 0.796607 0.69519 0.594801 0.49453 0.395428 0.29643 0.198195 0
1 0.898303 0.796645 0.695704 0.59486 0.495115 0.39548 0.296811 0.198215 0
1 0.898323 0.797004 0.695752 0.59541 0.49517 0.395963 0.296847 0.198406 0
1 0.898502 0.797037 0.696207 0.595461 0.495686 0.396009 0.297184 0.198424 0
1 0.898519 0.797354 0.696249 0.595947 0.495735 0.396435 0.297216 0.198592 0
1 0.898677 0.797384 0.69665 0.595992 0.496191 0.396476 0.297514 0.198608 0
1 0.898692 0.797664 0.696688 0.596421 0.496234 0.396852 0.297542 0.198757 0
1 0.898832 0.79769 0.697042 0.596461 0.496637 0.396888 0.297805 0.198771 0
1 0.898845 0.797937 0.697075 0.596839 0.496674 0.397221 0.297829 0.198902 0
1 0.898969 0.79796 0.697388 0.596875 0.49703 0.397252 0.298061 0.198915 0
1 0.89898 0.798178 0.697418 0.597209 0.497063 0.397546 0.298083 0.199031 0
1 0.899089 0.798199 0.697694 0.597241 0.497377 0.397573 0.298288 0.199042 0
1 0.899099 0.798391 0.69772 0.597536 0.497407 0.397833 0.298307 0.199144 0
1 0.899196 0.79841 0.697964 0.597563 0.497684 0.397857 0.298488 0.199154 0
1 0.899205 0.79858 0.697986 0.597824 0.49771 0.398086 0.298505 0.199244 0
1 0.89929 0.798596 0.698202 0.597848 0.497955 0.398108 0.298665 0.199253 0
1 0.899298 0.798746 0.698222 0.598078 0.497978 0.39831 0.29868 0.199333 0
1 0.899373 0.79876 0.698412 0.5981 0.498194 0.398329 0.298821 0.19934 0
1 0.89938 0.798892 0.69843 0.598303 0.498215 0.398508 0.298835 0.199411 0
1 0.899446 0.798905 0.698598 0.598322 0.498406 0.398525 0.298959 0.199417 0
1 0.899452 0.799022 0.698614 0.598502 0.498423 0.398682 0.298971 0.19948 0
1 0.899511 0.799033 0.698762 0.598519 0.498592 0.398697 0.299081 0.199485 0
1 0.899517 0.799136 0.698776 0.598677 0.498608 0.398837 0.299091 0.199541 0
1 0.899568 0.799146 0.698907 0.598692 0.498757 0.39885 0.299189 0.199546 0
1 0.899573 0.799237 0.698919 0.598832 0.498771 0.398973 0.299198 0.199594 0
1 0.899619 0.799246 0.699035 0.598845 0.498902 0.398984 0.299283 0.199599 0
1 0.899623 0.799327 0.699045 0.598968 0.498915 0.399093 0.299292 0.199642 0
1 0.899663 0.799334 0.699148 0.59898 0.499031 0.399103 0.299367 0.199646 0
1 0.899667 0.799405 0.699157 0.599089 0.499042 0.399199 0.299374 0.199684 0
1 0.899703 0.799412 0.699247 0.599099 0.499144 0.399208 0.299441 0.199687 0
1 0.899706 0.799475 0.699256 0.599196 0.499154 0.399293 0.299448 0.199721 0
1 0.899737 0.799481 0.699335 0.599205 0.499244 0.399301 0.299507 0.199724 0
1 0.89974 0.799536 0.699343 0.59929 0.499253 0.399375 0.299512 0.199753 0
1 0.899768 0.799542 0.699413 0.599298 0.499333 0.399382 0.299564 0.199756 0
1 0.899771 0.799591 0.69942 0.599373 0.49934 0.399448 0.299569 0.199782 0
1 0.899795 0.799595 0.699482 0.59938 0.499411 0.399455 0.299615 0.199785 0
1 0.899798 0.799639 0.699488 0.599446 0.499417 0.399513 0.29962 0.199808 0
1 0.899819 0.799643 0.699542 0.599452 0.49948 0.399518 0.29966 0.19981 0
1 0.899821 0.799681 0.699547 0.599511 0.499485 0.39957 0.299664 0.19983 0
1 0.89984 0.799684 0.699596 0.599516 0.49954 0.399575 0.2997 0.199832 0
1 0.899842 0.799718 0.6996 0.599568 0.499546 0.39962 0.299703 0.19985 0
1 0.899859 0.799721 0.699643 0.599573 0.499594 0.399625 0.299735 0.199852 0
1 0.899861 0.799751 0.699647 0.599619 0.499599 0.399665 0.299738 0.199868 0
1 0.899876 0.799754 0.699685 0.599623 0.499642 0.399668 0.299766 0.199869 0
1 0.899877 0.79978 0.699688 0.599663 0.499646 0.399704 0.299769 0.199883 0
1 0.89989 0.799783 0.699722 0.599667 0.499684 0.399707 0.299793 0.199884 0
1 0.899891 0.799806 0.699725 0.599703 0.499687 0.399739 0.299796 0.199897 0
1 0.899903 0.799808 0.699754 0.599706 0.499721 0.399741 0.299818 0.199898 0
1 0.899904 0.799829 0.699757 0.599737 0.499724 0.399769 0.29982 0.199909 0
1 0.899914 0.799831 0.699783 0.59974 0.499753 0.399772 0.299839 0.19991 0
1 0.899915 0.799849 0.699785 0.599768 0.499756 0.399796 0.299841 0.199919 0
1 0.899924 0.79985 0.699808 0.599771 0.499782 0.399798 0.299858 0.19992 0
1 0.899925 0.799866 0.699811 0.599795 0.499785 0.39982 0.299859 0.199929 0
1 0.899933 0.799868 0.699831 0.599798 0.499808 0.399822 0.299874 0.19993 0
1 0.899934 0.799882 0.699833 0.599819 0.49981 0.399841 0.299876 0.199937 0
1 0.899941 0.799883 0.699851 0.599821 0.49983 0.399843 0.299889 0.199938 0
1 0.899942 0.799896 0.699852 0.59984 0.499832 0.39986 0.29989 0.199945 0
1 0.899948 0.799897 0.699868 0.599842 0.49985 0.399861 0.299902 0.199945 0
1 0.899948 0.799908 0.69987 0.599859 0.499852 0.399876 0.299903 0.199951 0
1 0.899954 0.799909 0.699884 0.599861 0.499868 0.399877 0.299914 0.199952 0
1 0.899955 0.799919 0.699885 0.599876 0.499869 0.399891 0.299915 0.199957 0
1 0.899959 0.79992 0.699897 0.599877 0.499883 0.399892 0.299924 0.199957 0
1 0.89996 0.799928 0.699898 0.59989 0.499884 0.399903 0.299925 0.199962 0
1 0.899964 0.799929 0.699909 0.599891 0.499897 0.399904 0.299933 0.199962 0
1 0.899965 0.799937 0.69991 0.599903 0.499898 0.399915 0.299933 0.199966 0
1 0.899968 0.799937 0.69992 0.599904 0.499909 0.399916 0.29994 0.199967 0
1 0.899969 0.799944 0.699921 0.599914 0.49991 0.399925 0.299941 0.19997 0
1 0.899972 0.799945 0.699929 0.599915 0.499919 0.399925 0.299947 0.199971 0
1 0.899972 0.799951 0.69993 0.599924 0.49992 0.399933 0.299948 0.199974 0
1 0.899975 0.799951 0.699937 0.599925 0.499929 0.399934 0.299954 0.199974 0
1 0.899976 0.799956 0.699938 0.599933 0.49993 0.399941 0.299954 0.199977 0
1 0.899978 0.799957 0.699945 0.599934 0.499937 0.399942 0.299959 0.199977 0
1 0.899978 0.799961 0.699945 0.599941 0.499938 0.399948 0.299959 0.19998 0
1 0.899981 0.799962 0.699951 0.599942 0.499945 0.399949 0.299964 0.19998 0
1 0.899981 0.799966 0.699952 0.599948 0.499945 0.399954 0.299964 0.199982 0
1 0.899983 0.799966 0.699957 0.599948 0.499951 0.399955 0.299968 0.199982 0
1 0.899983 0.79997 0.699957 0.599954 0.499952 0.39996 0.299968 0.199984 0
1 0.899985 0.79997 0.699962 0.599955 0.499957 0.39996 0.299972 0.199984 0
1 0.899985 0.799973 0.699962 0.599959 0.499957 0.399964 0.299972 0.199986 0
1 0.899987 0.799974 0.699966 0.59996 0.499962 0.399965 0.299975 0.199986 0
1 0.899987 0.799977 0.699967 0.599964 0.499962 0.399968 0.299975 0.199988 0
1 0.899988 0.799977 0.69997 0.599965 0.499966 0.399969 0.299978 0.199988 0
1 0.899988 0.799979 0.699971 0.599968 0.499967 0.399972 0.299978 0.199989 0
1 0.89999 0.79998 0.699974 0.599969 0.49997 0.399972 0.299981 0.199989 0
1 0.89999 0.799982 0.699974 0.599972 0.499971 0.399975 0.299981 0.19999 0
1 0.899991 0.799982 0.699977 0.599972 0.499974 0.399976 0.299983 0.19999 0
1 0.899991 0.799984 0.699977 0.599975 0.499974 0.399978 0.299983 0.199991 0
1 0.899992 0.799984 0.69998 0.599976 0.499977 0.399979 0.299985 0.199992 0
1 0.899992 0.799986 0.69998 0.599978 0.499977 0.399981 0.299985 0.199992 0
1 0.899993 0.799986 0.699982 0.599978 0.49998 0.399981 0.299987 0.199993 0
1 0.899993 0.799987 0.699982 0.599981 0.49998 0.399983 0.299987 0.199993 0
1 0.899994 0.799988 0.699984 0.599981 0.499982 0.399983 0.299988 0.199993 0
1 0.899994 0.799989 0.699984 0.599983 0.499982 0.399985 0.299988 0.199994 0
1 0.899994 0.799989 0.699986 0.599983 0.499984 0.399985 0.29999 0.199994 0
1 0.899995 0.79999 0.699986 0.599985 0.499984 0.399987 0.29999 0.199995 0
1 0.899995 0.79999 0.699988 0.599985 0.499986 0.399987 0.299991 0.199995 0
1 0.899995 0.799991 0.699988 0.599987 0.499986 0.399988 0.299991 0.199995 0
1 0.899996 0.799991 0.699989 0.599987 0.499988 0.399988 0.299992 0.199995 0
1 0.899996 0.799992 0.699989 0.599988 0.499988 0.39999 0.299992 0.199996 0
1 0.899996 0.799992 0.69999 0.599988 0.499989 0.39999 0.299993 0.199996 0
1 0.899996 0.799993 0.69999 0.59999 0.499989 0.399991 0.299993 0.199996 0
1 0.899997 0.799993 0.699991 0.59999 0.49999 0.399991 0.299994 0.199996 0
1 0.899997 0.799994 0.699992 0.599991 0.49999 0.399992 0.299994 0.199997 0
1 0.899997 0.799994 0.699992 0.599991 0.499991 0.399992 0.299994 0.199997 0
1 0.899997 0.799995 0.699993 0.599992 0.499992 0.399993 0.299994 0.199997 0
1 0.899997 0.799995 0.699993 0.599992 0.499992 0.399993 0.299995 0.199997 0
1 0.899997 0.799995 0.699993 0.599993 0.499993 0.399994 0.299995 0.199998 0
1 0.899998 0.799995 0.699994 0.599993 0.499993 0.399994 0.299996 0.199998 0
1 0.899998 0.799996 0.699994 0.599994 0.499993 0.399994 0.299996 0.199998 0
1 0.899998 0.799996 0.699995 0.599994 0.499994 0.399995 0.299996 0.199998 0
1 0.899998 0.799996 0.699995 0.599994 0.499994 0.399995 0.299996 0.199998 0
1 0.899998 0.799996 0.699995 0.599995 0.499995 0.399995 0.299997 0.199998 0
1 0.899998 0.799997 0.699995 0.599995 0.499995 0.399996 0.299997 0.199998 0
1 0.899998 0.799997 0.699996 0.599995 0.499995 0.399996 0.299997 0.199998 0
1 0.899998 0.799997 0.699996 0.599996 0.499995 0.399996 0.299997 0.199998 0
1 0.899999 0.799997 0.699996 0.599996 0.499996 0.399996 0.299997 0.199999 0
1 0.899999 0.799998 0.699996 0.599996 0.499996 0.399997 0.299997 0.199999 0
1 0.899999 0.799998 0.699997 0.599996 0.499996 0.399997 0.299998 0.199999 0
1 0.899999 0.799998 0.699997 0.599997 0.499996 0.399997 0.299998 0.199999 0
1 0.899999 0.799998 0.699997 0.599997 0.499997 0.399997 0.299998 0.199999 0
1 0.899999 0.799998 0.699997 0.599997 0.499997 0.399997 0.299998 0.199999 0
1 0.899999 0.799998 0.699998 0.599997 0.499997 0.399997 0.299998 0.199999 0
1 0.899999 0.799998 0.699998 0.599997 0.499997 0.399998 0.299998 0.199999 0
